13 
3 
11 
4063 
4 
458 
14 
9 
3 
0 
4 
7 
7 
58 
0 
1 
79 
23 
44 
3 
77 
9 
2 
13 
8 
16 
4 
3 
19 
2 
8 
8 
8 
121 
306 
52 
8 
45 
23 
928 
10 
101 
1 
20 
17 
2 
4 
2 
24 
13 
76 
1 
4 
4 
0 
216 
24 
9 
61 
11 
13 
4 
4 
14 
28 
5 
2 
33 
1005 
11 
13 
11 
34 
15 
8 
58 
10 
0 
32 
5 
19 
13 
8 
6 
9 
10 
65 
5 
1 
16 
9 
2 
10 
3 
8 
20 
1 
3 
14 
34 
4 
101 
9 
5 
1 
4 
10 
8 
1 
8 
0 
87 
3 
0 
18 
13 
1 
20 
9 
9 
0 
191 
3 
9 
38 
22 
0 
5 
13 
17 
4 
12 
12 
2 
13 
4 
4 
108 
16 
8 
6 
12 
7 
0 
57 
4 
1 
2 
23 
37 
0 
5 
6 
257 
9 
0 
36 
0 
17 
6 
5 
3 
3 
18 
22 
4 
2 
37 
6 
9 
12 
4 
5 
5 
14 
33 
48 
11 
17 
16 
8 
759 
24 
7 
324 
15 
21 
19 
1 
46 
7 
34 
12 
1 
6 
77 
8 
16 
19 
6 
8 
7 
0 
8 
33 
2 
7 
16 
83 
5 
612 
134 
30 
8 
3 
95 
23 
8 
8 
2 
12 
10 
7 
36 
8 
0 
2 
36 
3 
23 
3 
91 
14 
10 
54 
6 
180 
21 
1 
9 
1 
15 
1 
336 
4 
6 
8 
8 
9 
1 
140 
6 
7 
171 
18 
2 
22 
6 
16 
29 
3 
16 
9 
2262 
5 
10 
59 
4 
7 
3 
0 
14 
10 
74 
36 
4 
10 
13 
7 
8 
18 
12 
1 
8 
10 
17 
2 
1 
7 
9 
8 
17 
2 
13 
39 
6 
33 
9 
9 
37 
3 
10 
12 
26 
10 
1563 
31 
20 
106 
8 
5 
9 
94 
3 
74 
5 
13 
9 
615 
35 
12 
0 
378 
564 
9 
8 
16 
7 
3 
32 
0 
6 
14 
3 
5 
6 
1 
3 
5 
18 
24 
67 
0 
16 
1 
29 
17 
47 
7 
3 
35 
8 
7 
1 
7 
5 
15 
17 
5 
0 
12 
175 
4 
11 
0 
5 
6 
3 
56 
9 
46 
35 
4 
8 
2 
14 
6 
15 
16 
37 
4 
13 
65 
149 
9 
6 
13 
9 
6 
4 
3 
47 
10 
1 
3 
280 
10 
5 
9 
66 
3 
11 
20 
16 
10 
258 
2 
8 
7 
6 
11 
9 
8 
1 
0 
8 
2 
7 
1 
161 
28 
8 
46 
3 
13 
769 
2 
8 
4 
4 
1 
264 
6 
13 
19 
13 
34 
6 
38 
16 
0 
100 
61 
3 
5 
46 
22 
20 
5 
37 
50 
11 
2 
2 
5 
0 
18 
3 
43 
0 
29 
14 
14 
0 
185 
9 
4 
138 
0 
5866 
4 
4 
194 
10 
6 
33 
37 
11 
3 
2 
5 
17 
67 
5 
7 
10 
29 
2 
0 
10 
30 
26 
3 
25 
13 
5 
73 
3 
11 
12 
49 
40 
81 
36 
14 
22 
19 
197 
31 
7 
0 
7 
11 
5 
12 
17 
6 
21 
20 
10 
12 
238 
12 
28 
0 
12 
19 
33 
19 
12 
14 
13 
8 
29 
70 
0 
14 
0 
4 
7 
33 
12 
28 
21 
19 
5 
5 
143 
2 
13 
22 
18 
3 
16 
19 
15 
4 
2 
8 
7 
13 
14 
12 
10 
0 
42 
1 
20 
15 
16 
5 
4 
6 
3 
11 
2 
25 
81 
6 
4 
21 
0 
9 
601 
13 
9 
63 
8 
1 
8 
7 
5 
6 
0 
5 
6 
3 
9 
1 
7 
3 
14 
3 
8 
9 
7 
12 
17 
4 
6 
3 
21 
12 
5 
9 
8 
30 
4 
7 
10 
325 
6 
12 
25 
2 
4 
25 
6 
8 
33 
14 
7 
12 
12 
7 
7 
0 
45 
67 
3 
24 
233 
83 
13 
21 
7 
63 
10 
1 
1 
780 
159 
10 
54 
95 
8 
23 
18 
49 
8 
0 
25 
11 
1 
0 
32 
12 
20 
9 
49 
8 
4 
313 
9 
10 
16 
3 
80 
4 
20 
8 
9 
92 
6 
0 
13 
4 
10 
17 
442 
5 
31 
4 
92 
34 
20 
6 
5 
157 
9 
1 
6 
3 
26 
6 
7 
17 
201 
1 
20 
7 
25 
20 
10 
12 
20 
0 
2 
1 
9 
1360 
60 
24 
6 
2 
8 
41 
57 
2 
3 
35 
4 
2 
0 
234 
16 
72 
7 
13 
8 
0 
39 
9 
6 
19 
158 
6 
28 
0 
366 
5 
5 
2 
2 
5 
32 
6 
4 
25 
4 
0 
24 
14 
9 
24 
11 
12 
1 
44 
3 
7 
170 
1662 
8 
15 
6 
5 
13 
450 
149 
56 
11 
46 
8 
1 
5 
8 
44 
25 
46 
10 
2 
189 
7 
5 
2 
5 
11 
4 
7 
160 
3 
4 
5 
5 
17 
46 
30 
11 
40 
1641 
12 
77 
10 
13 
6 
0 
22 
2 
4 
5 
7 
1 
111 
30 
201 
15 
4 
8 
3 
58 
8 
16 
2 
48 
73 
0 
6 
165 
385 
9 
15 
3 
3 
4 
15 
3 
3 
2 
2 
2 
11 
1 
7 
2 
7 
5 
6 
10 
15 
170 
6 
6 
28 
15 
1060 
26 
4 
15 
6 
8042 
2 
137 
19 
7 
0 
15 
2 
14 
4 
1 
50 
75 
8 
19 
16 
9 
5 
25 
74 
28 
164 
18 
0 
5 
26 
6 
35 
5 
3 
12 
16 
81 
7 
10 
3 
6 
0 
6 
36 
4 
69 
18 
10 
32 
12 
15 
0 
101 
8 
9 
10 
2 
2 
105 
123 
21 
29 
1 
163 
7 
6 
2 
16 
3 
0 
73 
17 
9 
8 
8 
0 
22 
8 
21 
14 
5 
8 
9 
5 
8 
8 
7 
4 
1 
18 
7 
23 
6 
122 
2 
17 
5 
7 
0 
15 
9 
16 
11 
11 
3 
23 
8 
56 
1 
8 
8 
11 
25 
23 
15 
5 
6 
12 
3 
1 
113 
8 
5 
7 
3 
1 
11 
148 
3 
8 
14 
5 
233 
15 
17 
10 
13 
89 
36 
7 
13 
1 
15 
7 
16 
27 
12 
268 
7 
2 
724 
2 
6 
19 
10 
7751 
6 
13 
4 
10 
4 
3 
6 
8 
1 
6 
15 
34 
15 
4 
94 
4 
21 
5 
6 
7 
1 
7 
5 
4 
0 
83 
6 
274 
4 
3 
36 
3 
0 
21 
4 
45 
1 
6 
5 
10 
9 
7 
10 
92 
3 
3 
30 
6 
11 
5 
4 
0 
10 
10 
1 
2 
11 
4 
3 
7 
7 
2 
6 
8 
1 
11 
7 
3 
1 
607 
8 
34 
15 
18 
0 
5 
5 
5 
8 
7 
8 
3 
7 
4 
0 
47 
15 
15 
9 
5 
11 
23 
5 
9 
9 
4 
14 
3 
4 
134 
53 
6 
26 
5 
10 
0 
38 
16 
7 
5 
0 
20 
12 
27 
33 
8 
30 
9 
36 
495 
32 
26 
0 
8 
4 
123 
0 
23 
9 
5 
13 
5 
4 
7 
4 
9 
27 
10 
3 
38 
9 
43 
48 
9 
7 
5 
8 
8 
5 
2 
52 
27 
11 
6 
2 
3 
9 
51 
0 
8 
18 
6 
55 
0 
6 
9 
7 
9 
15 
5 
7 
54 
1 
7 
10 
7 
19 
11 
3 
262 
15 
12 
4 
5 
15 
6 
17 
13 
97 
8 
26 
10 
1 
1 
11 
17 
9 
9 
3 
44 
22 
4 
9 
41 
1 
35 
4 
21 
28 
6 
8 
17 
8 
284 
190 
5 
6 
4 
49 
41 
13 
0 
7 
7 
4 
14 
26 
38 
7 
58 
32 
8 
221 
124 
16 
14 
0 
7 
28 
4 
2 
12 
6 
7 
32 
5 
4 
8 
5 
2 
348 
30 
8 
6 
16 
11 
1296 
13 
5 
452 
0 
4 
7 
2 
305 
12 
4 
25 
3 
7 
0 
10 
4 
6 
203 
26 
8 
4 
4 
6 
13 
12 
0 
1 
12 
1 
9 
10 
14 
14 
4 
2 
100 
28 
11 
886 
18 
2 
7 
21 
11 
14 
27 
4 
4 
38 
8 
6 
7 
6 
4 
60 
4 
15 
4 
6 
316 
13 
8 
2 
9 
12 
7 
56 
5 
0 
0 
35 
2 
345 
5 
1 
1 
6 
7 
2 
5 
17 
75 
7 
77 
42 
5 
2 
3 
0 
18 
7 
14 
1 
6 
102 
14 
1 
94 
10 
25 
16 
50 
14 
37 
7 
8 
2 
8 
43 
7 
18 
1 
8 
10 
3 
185 
3 
54 
2 
12 
43 
12 
23 
2174 
43 
21 
9 
7 
4 
2 
17 
12 
7 
6 
3 
4 
6 
8 
0 
16 
5 
7 
14 
12 
25 
94 
0 
24 
33 
25 
35 
0 
23 
3 
0 
7 
8 
35 
2 
2 
9 
20 
4 
3 
12 
116 
22 
28 
3 
15 
112 
20 
4 
11 
36 
21 
14 
1 
1 
12 
9 
0 
5 
17 
24 
9 
3 
85 
4 
2 
36 
1 
59 
3 
5 
28 
4 
6 
24 
9 
6 
18 
23 
42 
33 
7 
12 
2 
2 
2 
2 
31 
6 
185 
23 
227 
4 
2 
82 
690 
27 
1 
6 
1 
2 
62 
5 
0 
0 
10 
0 
9 
4 
13 
4 
5 
12 
49 
4 
20 
16 
3 
24 
22 
6 
0 
9 
11 
15 
109 
31 
48 
2 
8 
15 
2 
0 
3 
47 
12 
4 
13 
4 
1 
1 
49 
9 
154 
79 
14 
1 
49 
1 
138 
45 
1 
11 
1 
21 
9 
25 
47 
142 
124 
10 
138 
31 
20 
19 
1 
198 
18 
52 
5 
9 
0 
505 
20 
20 
10 
10 
3 
3 
22 
52 
0 
3 
5 
11 
31 
18 
2 
13 
181 
90 
8 
2 
6 
32 
9 
13 
28 
9 
12 
22 
5 
5 
5 
1 
12 
19 
0 
2 
4 
26 
3 
8 
62 
50 
4 
3 
40 
11 
3 
20 
9 
102 
42 
24 
69 
3 
6 
0 
4 
17 
347 
9 
7 
98 
9 
11 
6 
7 
10 
3 
10 
5 
23 
21 
2 
8 
5 
13 
6 
14 
3 
11 
15 
37 
5 
14 
24 
12 
11 
3 
53 
4 
6 
28 
4 
1 
79 
18 
6 
10 
2 
2 
160 
174 
48 
24 
13 
7 
2 
13 
1336 
7 
15 
2 
280 
12 
1 
221 
10 
13 
42 
7 
15 
10 
3 
28 
13 
3 
50 
23 
2 
4 
43 
46 
5 
1 
16 
20 
179 
10 
5 
275 
7 
5 
6 
5 
31 
19 
14 
7 
11 
5 
20 
10 
52 
17 
13 
4 
1 
14 
1 
5 
5 
4 
26 
2 
1 
12 
8 
10 
16 
6 
15 
11 
37 
17 
5 
8 
8 
11 
3 
215 
4 
24 
14 
0 
1 
46 
4 
1 
10 
4 
6 
98 
431 
11 
9 
7 
50 
9 
30 
10 
4 
22 
13 
8 
4 
3 
31 
9 
13 
38 
17 
2 
19 
13 
320 
7 
9 
3 
16 
127 
32 
28 
9 
4 
8 
19 
13 
26 
19 
629 
11 
1 
1 
45 
8 
4 
2 
2 
23 
10 
2 
4 
6 
2 
47 
7 
14 
4 
126 
0 
43 
14 
8 
3 
3 
9 
4 
17 
13 
0 
4 
13 
32 
2 
6 
12 
10 
6 
29 
7 
43 
0 
34 
5 
6 
10 
17 
11 
8 
42 
5 
20 
1 
11 
17 
14 
0 
4 
12 
14 
10 
6 
25 
61 
8 
4 
6 
5 
75 
47 
27 
3 
84 
18 
16 
8 
55 
20 
73 
0 
5 
31 
2 
9 
101 
16 
11 
15 
2 
2 
9 
4 
4 
4 
2 
10 
8 
7 
22 
6 
10 
18 
17 
33 
12 
0 
1 
30 
34 
17 
0 
11 
14 
24 
4 
33 
4 
9 
9 
163 
10 
9 
36 
10 
4 
49 
11 
1 
16 
2 
4 
3 
5 
34 
2219 
16 
891 
8 
50 
74 
16 
9 
1 
15 
9 
27 
5 
15 
6 
14 
5 
22 
125 
4 
1 
6 
103 
58 
11 
5 
0 
1 
11 
9 
25 
175 
9 
10 
8 
3 
2 
239 
13 
4 
1 
12 
7 
24 
0 
7 
7 
7 
20 
15 
12 
93 
0 
1 
14 
10 
0 
10 
12 
12 
4 
27 
13 
1 
26 
52 
12 
15 
3 
3 
24 
10 
1 
2 
18 
79 
83 
50 
1 
8 
28 
10 
23 
0 
5 
1 
5 
8 
4 
31 
85 
16 
8 
39 
15 
17 
7 
3 
1 
9 
5 
16 
68 
12 
10 
10 
51 
7 
17 
32 
8 
2 
3 
4 
6 
3 
4 
21 
7 
7 
2 
20 
4 
82 
6 
8 
65 
0 
63 
0 
32 
1 
6 
288 
0 
3 
13 
16 
0 
1 
4 
47 
16 
3 
8 
3 
43 
7 
10 
3 
5 
13 
6 
10 
29 
8 
8 
13 
6 
381 
6 
1 
6 
30 
34 
7 
2 
7 
5571 
188 
5 
2 
5 
7 
6 
5 
8 
6 
1 
375 
44 
6 
23 
2 
2 
1 
6 
27 
3 
0 
4228 
10 
8 
3 
5 
15 
4 
8 
12 
1 
11 
15 
9 
9 
11 
5 
7 
6 
175 
21 
32 
10 
2 
162 
10 
1 
12 
1 
4 
8 
7 
12 
11 
4 
8 
7 
8 
0 
20 
3 
1158 
21 
6 
57 
35 
31 
7 
3 
6 
8 
10 
10 
14 
25 
8 
6 
7 
13 
22 
1 
11 
8 
39 
15 
9 
5 
11 
68 
3 
1 
11 
19 
10 
8 
7 
3 
16 
11 
24 
57 
1 
15 
158 
49 
4 
1 
6 
34 
60 
62 
0 
5 
3 
9 
13 
105 
3 
46 
43 
127 
14 
11 
49 
56 
8 
7 
1 
1 
11 
10 
1 
6 
7 
19 
26 
2 
18 
3 
7 
12 
50 
5 
11 
9 
34 
2 
13 
27 
14 
0 
4 
9 
11 
39 
63 
9 
24 
9 
10 
3 
1 
8 
7 
8 
6 
7 
6 
29 
16 
49 
15 
8 
7 
25 
5 
106 
48 
14 
1 
6 
28 
11 
146 
8 
14 
29 
10 
5 
40 
3 
4 
65 
22 
89 
17 
40 
2 
21 
4 
6 
10 
207 
31 
6 
9 
7 
6 
7 
53 
16 
9 
8 
2 
8 
19 
0 
49 
28 
2 
49 
26 
2 
11 
8 
7 
9 
7 
6 
64 
7 
4 
2 
8 
8 
13 
12 
10 
20 
5 
7 
7 
1 
7 
2 
10 
4 
116 
2 
15 
12 
44 
74 
16 
12 
6 
5 
62 
4 
2 
10 
45 
12 
2 
5 
647 
38 
10 
15 
32 
7 
1 
0 
10 
26 
7 
9 
11 
0 
16 
71 
25 
4 
5 
0 
14 
1 
7 
15 
0 
8 
22 
6 
2 
1 
5 
56 
4 
1 
28 
119 
7 
18 
90 
12 
0 
18 
23 
6 
2 
19 
19 
6 
11 
10 
4 
0 
8 
1 
80 
5 
2 
11 
3 
12 
12 
6 
54 
20 
276 
11 
5 
5 
1 
1 
16 
0 
88 
0 
3 
1 
6 
3 
5 
6 
2 
5 
3 
7 
14 
8 
4 
54 
25 
0 
10 
148 
14 
1 
1 
0 
5 
6 
1 
2 
19 
1 
0 
6 
0 
27 
13 
1 
733 
0 
0 
5 
6 
9 
7 
13 
59 
197 
26 
2 
15 
10 
30 
2 
9 
27 
12 
5 
8 
1 
19 
25 
10 
13 
0 
49 
9 
75 
12 
36 
14 
13 
3 
10 
23 
22 
0 
0 
10 
73 
297 
1 
109 
20 
6 
8 
672 
4 
26 
10 
3 
10 
5 
1 
2 
4 
11 
21 
10 
12 
10 
5 
33 
3 
1 
6 
11 
8 
2 
857 
34 
4 
2 
0 
4 
11 
130 
10 
2 
7 
9 
4 
11 
9 
65 
2 
5 
2 
4 
25 
9 
94 
8 
13 
11 
5 
4 
1 
9 
4 
29 
7 
26 
3 
3 
68 
27 
1 
9 
4 
19 
38 
8 
6 
12 
6 
100 
65 
9 
2 
90 
3 
5 
6 
10 
19 
1 
254 
6 
6 
21 
27 
8 
0 
7 
6 
35 
15 
21 
26 
159 
11 
77 
1 
5 
46 
275 
11 
20 
8 
26 
12 
0 
5 
0 
1 
7 
102 
4 
6 
7 
324 
15 
123 
25 
803 
14 
1 
100 
42 
7 
12 
4 
33 
84 
8 
0 
10 
4 
52 
6 
12 
6 
3 
6 
12 
53 
1 
1 
9 
17 
16 
11 
15 
35 
5 
1 
2 
39 
31 
9 
26 
3 
6 
216 
21 
27 
21 
11 
7 
3 
5 
4 
1 
2 
12 
7 
333 
6 
19 
17 
4 
16 
105 
3 
0 
9 
11 
23 
12 
4 
6 
9 
56 
4 
3 
9 
5 
11 
5 
8 
14 
8 
15 
1 
9 
14 
9 
6 
8 
395 
90 
9 
9 
6 
18 
20 
2 
5 
8 
17 
3 
15 
22 
0 
25 
157 
4 
8 
10 
22 
9 
11 
6 
2 
21 
5 
33 
47 
3 
16 
6 
0 
33 
146 
5 
45 
62 
3 
230 
1 
11 
4 
1 
11 
23 
61 
6 
6 
62 
2 
15 
2 
9 
28 
19 
16 
6 
12 
2 
3 
41 
5 
7 
53 
2 
95 
6 
2 
8 
4 
5 
1 
5 
18 
21 
13 
700 
379 
59 
5 
12 
47 
15 
26 
0 
4 
1 
7 
7 
56 
10 
5 
16 
1 
9 
0 
8 
3 
2 
11 
8 
20 
2 
13 
1 
79 
6 
1 
6 
9 
6 
30 
27 
3 
41 
6 
117 
6 
113 
34 
25 
13 
90 
88 
4 
9 
42 
44 
1 
3 
10 
2 
5 
8 
34 
44 
6 
1 
17 
6 
12 
11 
4 
31 
16 
10 
7 
50 
17 
20 
9 
9 
6 
459 
3 
8 
6 
3 
3 
2 
14 
421 
2 
698 
20 
37 
38 
146 
16 
27 
121 
26 
11 
2 
6 
53 
1 
6 
144 
0 
3 
8 
10 
7 
1 
520 
1 
51 
19 
10 
18 
8 
524 
0 
226 
6 
13 
15 
16 
12 
8 
8 
75 
5 
10 
16 
7 
6 
53 
16 
7 
3 
4 
1 
0 
57 
9 
2 
150 
2 
4 
25 
10 
6 
3 
34 
22 
17 
16 
6 
1 
12 
53 
19 
6 
32 
0 
4 
3 
10 
0 
23 
4 
2 
19 
6 
4 
10 
44 
9 
6 
22 
8 
3 
13 
8 
2 
8 
9 
22 
51 
19 
13 
10 
6 
19 
9 
11 
7 
1 
3 
0 
2 
15 
46 
12 
7 
7 
8 
0 
1 
3 
6 
12 
3 
883 
7 
34 
71 
4 
35 
35 
3 
4 
3 
1 
1 
1 
11 
11 
3 
12 
11 
175 
10 
342 
4 
4 
7 
6 
5 
8 
18 
8 
5 
11 
11 
21 
11 
8 
2 
39 
4 
11 
5 
0 
22 
1 
8 
12 
16 
9 
10 
102 
5 
13 
15 
5 
1 
17 
0 
0 
6 
2 
205 
3 
8 
4 
366 
6 
20 
8 
2 
8 
113 
0 
2 
22 
3 
3 
15 
9 
5 
53 
126 
3 
9 
8 
10 
28 
2 
6 
18 
6 
2 
12 
14 
2 
9 
7 
4 
3 
13 
9 
20 
0 
7 
37 
30 
6 
3 
4 
4 
15 
8 
4 
5 
0 
6 
11 
18 
16 
2 
1 
19 
42 
11 
32 
28 
8 
10 
17 
25 
32 
0 
7 
1 
91 
10 
9 
4 
17 
1 
8 
1 
1 
3 
14 
26 
25 
4 
10 
19 
52 
3 
50 
20 
11 
1 
1 
21 
2 
0 
5 
11 
2 
60 
102 
10 
47 
5 
3 
60 
7 
3 
133 
20 
59 
13 
9 
3 
1 
14 
9 
1 
19 
50 
6 
11 
17 
40 
1 
2 
4 
4 
5 
10 
43 
10 
6 
5 
22 
16 
7 
9 
9 
19 
1 
81 
40 
7 
7 
3381 
14 
7 
18 
24 
55 
3 
10 
12 
2 
4 
51 
1 
7 
77 
98 
74 
95 
9 
61 
3 
1 
5 
1 
6 
7 
4 
1 
3 
28 
9 
0 
6 
111 
17 
0 
98 
49 
10 
9 
1 
282 
3 
14 
15 
4 
6 
2 
6 
2 
96 
8 
5 
1474 
7 
111 
31 
11 
5 
3 
45 
2 
30 
11 
8 
1 
14 
2 
245 
34 
6 
5 
111 
9 
15 
2 
1 
6 
8 
5 
11 
1 
1 
10 
8 
10 
30 
2 
6 
4 
32 
3 
8 
15 
3 
44 
1216 
1 
8 
130 
136 
1 
226 
13 
42 
16 
12 
5 
240 
54 
9 
1 
5 
256 
4 
1 
0 
5 
154 
0 
14 
4 
8 
11 
19 
30 
10 
0 
6 
29 
9 
0 
17 
8 
19 
13 
144 
7 
12 
16 
1 
8 
1 
7 
199 
47 
0 
6 
10 
5 
2 
6 
6 
2 
10 
7 
53 
22 
14 
12 
8 
3 
2 
3 
7 
278 
4 
7 
308 
5 
7 
3 
7 
7 
22 
5 
14 
9 
14 
8 
12 
10 
72 
23 
143 
23 
31 
6 
116 
4 
1 
3 
7 
11 
6 
15 
65 
160 
9 
14 
5 
20 
75 
26 
20 
6 
9 
7 
1 
30 
6 
3 
22 
4 
1 
4 
25 
21 
11 
4 
2 
13 
35 
130 
13 
1 
5 
15 
8 
9 
279 
14 
211 
16 
45 
20 
15 
6 
12 
7 
22 
6 
27 
5 
8 
0 
83 
58 
15 
1 
10 
9 
17 
33 
1 
27 
11 
3 
5 
0 
177 
4 
23 
19 
798 
1 
63 
12 
6 
0 
12 
4 
3 
13 
21 
7 
44 
32 
9 
9 
3 
1 
5 
26 
38 
47 
10 
17 
2 
19 
11 
3 
13 
10 
37 
11 
2 
16 
8 
25 
2 
1 
47 
8 
1 
4 
9 
143 
35 
27 
23 
12 
15 
3 
50 
18 
21 
1 
5 
29 
9 
8 
11 
2 
8 
195 
0 
0 
14 
19 
9 
13 
19 
11 
2 
1 
8 
12 
7 
17 
18 
1 
15 
90 
2 
10 
176 
1 
22 
19 
94 
4 
17 
6 
4 
9 
5 
15 
0 
0 
4 
2 
6 
1 
59 
42 
18 
38 
1 
5 
0 
7 
5 
11 
23 
106 
72 
8 
5 
9 
2 
0 
99 
3 
1110 
6 
16 
17 
33 
11 
25 
13 
2 
4 
244 
11 
47 
5 
19 
30 
10 
4 
29 
7 
0 
11 
4 
16 
4 
28 
4 
1 
12 
20 
17 
23 
0 
142 
7 
6 
2 
2 
459 
8 
16 
0 
83 
11 
6 
3 
6 
2 
0 
9 
8 
1 
14 
0 
10 
9 
11 
3 
26 
8 
3 
6 
32 
8 
71 
20 
0 
674 
7 
56 
22 
22 
0 
6 
4 
5 
25 
5 
6 
7 
8 
10 
365 
15 
11 
6 
16 
7 
23 
8 
4 
5 
0 
58 
1 
45 
6 
9 
1123 
2 
13 
1 
5 
3 
5 
44 
21 
123 
15 
0 
14 
14 
31 
17 
37 
21 
0 
1 
1 
13 
9 
12 
10 
8 
17 
3 
6 
7 
15 
28 
0 
7 
1 
8 
19 
7 
6 
15 
1 
4 
6 
10 
6 
9 
18 
5 
109 
6 
7 
6 
16 
9 
10 
14 
4 
1261 
2 
37 
9 
12 
11 
29 
4 
40 
43 
10 
25 
6 
1 
11 
38 
18 
13 
11 
17 
72 
2 
74 
2 
20 
10 
10 
14 
20 
53 
2 
5 
2 
15 
7 
9 
6 
41 
6 
5 
8 
8 
104 
1 
6 
4 
759 
13 
22 
7 
0 
7 
10 
24 
34 
17 
6 
10 
1 
1 
40 
57 
14 
9 
56 
1 
19 
14 
6 
10 
0 
9 
5 
22 
20 
23 
5 
4 
20 
6 
4 
9 
7 
6 
11 
18 
4 
27 
162 
11 
6 
7 
2 
8 
1 
20 
29 
0 
7 
9 
6 
8 
4 
0 
12 
6 
9 
11 
19 
9 
7 
6 
5 
13 
0 
15 
8 
4 
6 
9 
10 
23 
24 
10 
3 
30 
63 
26 
9 
9 
9 
2 
3 
9 
0 
8 
7 
7 
7 
18 
63 
5 
0 
2 
0 
5 
21 
5 
7 
4 
0 
6 
3 
12 
1119 
0 
50 
6 
30 
7 
8 
17 
1 
12 
16 
913 
14 
2 
28 
2 
7 
21 
0 
7 
6 
0 
4 
1 
111 
4 
14 
7 
269 
11 
3 
14 
13 
4 
12 
8 
7 
11 
20 
1 
21 
14 
10 
18 
1 
445 
82 
12 
8 
16 
3 
30 
1 
4 
1 
1 
4 
9 
21 
16 
8 
6 
10 
119 
2 
2 
4 
18 
7 
40 
3 
13 
33 
15 
10 
4 
9 
19 
2 
35 
11 
0 
1 
3 
56 
8 
5 
13 
62 
5 
15 
14 
2 
7 
33 
4 
3 
122 
40 
4 
28 
32 
9 
9 
10 
8 
30 
8 
109 
15 
5 
4 
1 
33 
0 
6 
12 
1 
5 
7 
10 
5 
19 
51 
1791 
4 
1 
11 
7 
12 
3 
11 
3 
7 
0 
26 
91 
2 
30 
24 
10 
36 
1 
23 
8 
2 
23 
43 
10 
5 
3 
27 
10 
8 
12 
9 
3 
10 
27 
243 
113 
8 
57 
6 
1 
13 
2 
2 
63 
3 
20 
74 
40 
13 
30 
37 
22 
12 
117 
27 
10 
13 
23 
41 
4 
30 
5 
1 
12 
10 
1 
6 
52 
3 
9 
20 
52 
10 
8 
7 
37 
46 
6 
31 
23 
8 
5 
3 
15 
0 
13 
28 
13 
1603 
6 
7 
13 
8 
2 
3 
2 
20 
129 
8 
16 
8 
17 
2 
8 
2 
3 
9 
5 
11 
27 
10 
87 
6 
21 
18 
16 
0 
1 
15 
4 
1 
0 
11 
8 
35 
13 
14 
11 
8 
16 
22 
10 
10 
16 
10 
6 
8 
11 
25 
10 
20 
42 
1 
8 
8 
0 
30 
11 
6 
36 
8 
6 
15 
6 
10 
1 
1 
20 
33 
1 
35 
3 
7 
12 
28 
4 
38 
5 
16 
1 
1 
25 
180 
72 
11 
8 
2 
18 
2 
2 
16 
4 
62 
5 
0 
6 
5 
1 
3 
5 
3 
3 
20 
32 
139 
3 
159 
51 
2 
6 
85 
9 
65 
32 
14 
29 
3 
9 
1383 
0 
7 
1 
3 
9 
5 
9 
7 
9 
3 
807 
8 
40 
7 
2 
19 
8 
10 
10 
19 
13 
47 
197 
16 
7 
6 
2 
1347 
8 
20 
152 
9 
33 
10 
1 
69 
6 
9 
24 
27 
388 
3 
79 
5 
4 
3 
23 
4 
2 
15 
1 
3 
0 
3 
24 
37 
3 
5 
6 
21 
5 
176 
5 
56 
10 
2 
33 
6 
13 
5 
1 
2 
5 
18 
15 
46 
6 
3 
1 
16 
19 
4 
10 
8 
6 
2 
5 
15 
11 
3 
1 
83 
2 
5 
9 
1 
5 
17 
0 
19 
9 
18 
12 
23 
5 
23 
0 
4 
0 
0 
82 
48 
38 
12 
2 
6 
39 
4 
6 
11 
3 
17 
24 
20 
44 
4 
8 
30 
6 
1 
941 
37 
1 
8 
8 
7 
64 
14 
6 
7 
19 
50 
15 
36 
10 
5 
14 
12 
107 
8 
12 
9 
7 
18 
16 
2 
10 
7 
8 
8 
2 
42 
15 
11 
9 
3 
4 
22 
6 
0 
9 
7 
5 
9 
17 
4 
16 
0 
127 
7 
1 
5 
2 
20 
10 
9 
14 
1 
10 
111 
18 
8 
10 
3 
8 
8 
2 
4 
50 
18 
28 
12 
1 
13 
4 
36 
2 
33 
44 
6 
7 
0 
0 
5 
3 
35 
109 
26 
21 
19 
5 
28 
95 
7 
44 
4 
9 
1 
5 
9 
2 
11 
10 
12 
8 
5 
36 
20 
2 
9 
2 
9 
12 
10 
17 
9 
1 
32 
76 
30 
50 
20 
4 
14 
45 
93 
6 
8 
2 
69 
45 
527 
10 
47 
53 
77 
10 
7 
0 
11 
18 
11 
121 
9 
10 
1 
11 
72 
10 
5 
4 
7 
43 
13 
7 
4 
4 
2 
3 
10 
1 
13 
17 
52 
1 
24 
1 
0 
22 
19 
12 
10 
1 
12 
9 
37 
4 
6 
10 
2 
7 
5 
70 
12 
63 
8 
1 
5 
14 
5 
42 
10 
6 
35 
14 
10 
3 
1 
14 
7 
16 
18 
5 
10 
11 
24 
71 
9 
16 
18 
32 
129 
7 
10 
4 
15 
5 
18 
11 
15 
47 
9 
9 
54 
19 
33 
0 
200 
1 
6 
19 
7 
12 
0 
1 
8 
16 
5 
2 
1 
36 
5 
9 
6 
23 
6 
12 
3 
33 
10 
12 
9 
12 
42 
7 
4 
10 
30 
3 
2 
12 
6 
25 
10 
8 
4 
4 
5 
5 
0 
8 
13 
1 
122 
243 
6 
8 
22 
13 
3 
14 
4 
1 
8 
6 
2 
4 
9 
0 
17 
5 
31 
66 
5 
5 
10 
1 
4 
11 
2 
12 
519 
67 
4 
10 
216 
1 
16 
8 
58 
2 
8 
7 
229 
6 
144 
6 
0 
2 
2 
218 
73 
0 
6 
53 
544 
13 
6 
71 
7 
3 
5 
37 
13 
23 
1 
1 
10 
16 
5 
12 
10 
2 
7 
5 
11 
10 
0 
12 
2 
33 
4 
1 
5 
12 
7 
6 
5 
13 
10 
6 
170 
22 
9 
1 
0 
13 
13 
14 
458 
6 
13 
5 
2 
26 
15 
13 
4 
18 
28 
5 
3 
0 
32 
0 
8 
9 
22 
13 
9 
144 
96 
108 
11 
1 
23 
0 
6 
47 
4 
20 
81 
3 
1 
4 
193 
24 
10 
24 
372 
5 
4 
13 
7 
8 
243 
30 
20 
7 
4 
8 
4 
0 
8 
1 
336 
3 
58 
18 
5 
9 
9 
7 
1 
20 
72 
14 
27 
1 
15 
39 
87 
5 
7 
6 
21 
14 
6 
13 
5 
6 
6 
15 
101 
16 
10 
11 
0 
9 
16 
18 
0 
13 
4 
2 
2 
5 
53 
114 
8 
65 
9 
10 
9 
90 
3 
26 
10 
1 
13 
18 
20 
10 
205 
13 
2 
5 
24 
4 
4 
37 
6 
52 
3 
7 
26 
11 
183 
2 
102 
181 
57 
7 
18 
3 
123 
1 
8 
12 
5 
4 
85 
28 
0 
17 
16 
8 
147 
48 
61 
19 
59 
5 
133 
46 
56 
116 
6 
27 
3 
13 
32 
72 
2 
1 
5 
41 
19 
3 
4 
29 
6 
8 
7 
4 
22 
3 
3 
19 
70 
10 
30 
9 
15 
14 
35 
7 
11 
30 
29 
21 
14 
19 
4 
33 
1 
0 
10 
9 
21 
7 
24 
6 
11 
5 
5 
12 
9 
8 
8 
7 
7 
4 
4 
1 
2 
2 
2 
