0.000000 27 
0.400000 16 
0.800000 13 
1.200000 9 
1.600000 9 
2.000000 7 
2.400000 8 
2.800000 9 
3.200000 12 
3.600000 11 
4.000000 12 
4.400000 12 
4.800000 10 
5.200000 15 
5.600000 15 
6.000000 14 
6.400000 14 
6.800000 15 
7.200000 14 
7.600000 17 
8.000000 17 
8.400000 16 
8.800000 15 
9.200000 12 
9.600000 13 
10.000000 13 
10.400000 17 
10.800000 14 
11.200000 12 
11.600000 14 
12.000000 16 
12.400000 15 
12.800000 20 
13.200000 20 
13.600000 22 
14.000000 22 
14.400000 21 
14.800000 20 
15.200000 19 
15.600000 21 
16.000000 22 
16.400000 20 
16.800000 19 
17.200000 17 
17.600000 18 
18.000000 15 
18.400000 14 
18.800000 16 
19.200000 14 
19.600000 11 
20.000000 13 
20.400000 12 
20.800000 14 
21.200000 12 
21.600000 15 
22.000000 15 
22.400000 16 
22.800000 14 
23.200000 16 
23.600000 17 
24.000000 14 
24.400000 17 
24.800000 19 
25.200000 16 
25.600000 19 
26.000000 18 
26.400000 14 
26.800000 14 
27.200000 17 
27.600000 15 
28.000000 13 
28.400000 14 
28.800000 14 
29.200000 13 
29.600000 15 
30.000000 17 
30.400000 14 
30.800000 15 
31.200000 16 
31.600000 17 
32.000000 19 
32.400000 19 
32.800000 15 
33.200000 17 
33.600000 15 
34.000000 17 
34.400000 17 
34.800000 16 
35.200000 17 
35.600000 16 
36.000000 19 
36.400000 19 
36.800000 19 
37.200000 16 
37.600000 16 
38.000000 15 
38.400000 17 
38.800000 18 
39.200000 20 
39.600000 20 
40.000000 19 
40.400000 19 
40.800000 16 
41.200000 15 
41.600000 16 
42.000000 19 
42.400000 17 
42.800000 18 
43.200000 20 
43.600000 21 
44.000000 24 
44.400000 22 
44.800000 21 
45.200000 18 
45.600000 21 
46.000000 22 
46.400000 26 
46.800000 24 
47.200000 22 
47.600000 21 
48.000000 23 
48.400000 24 
48.800000 26 
49.200000 25 
49.600000 24 
50.000000 25 
50.400000 29 
50.800000 31 
51.200000 28 
51.600000 23 
52.000000 25 
52.400000 23 
52.800000 23 
53.200000 23 
53.600000 22 
54.000000 24 
54.400000 23 
54.800000 20 
55.200000 20 
55.600000 20 
56.000000 21 
56.400000 21 
56.800000 22 
57.200000 21 
57.600000 21 
58.000000 24 
58.400000 23 
58.800000 23 
59.200000 24 
59.600000 23 
60.000000 24 
60.400000 22 
60.800000 22 
61.200000 21 
61.600000 20 
62.000000 24 
62.400000 25 
62.800000 25 
63.200000 24 
63.600000 26 
64.000000 23 
64.400000 22 
64.800000 17 
65.200000 21 
65.600000 23 
66.000000 23 
66.400000 24 
66.800000 28 
67.200000 30 
67.600000 26 
68.000000 22 
68.400000 25 
68.800000 26 
69.200000 25 
69.600000 25 
70.000000 21 
70.400000 20 
70.800000 21 
71.200000 23 
71.600000 20 
72.000000 22 
72.400000 20 
72.800000 24 
73.200000 24 
73.600000 27 
74.000000 27 
74.400000 24 
74.800000 21 
75.200000 18 
75.600000 19 
76.000000 21 
76.400000 22 
76.800000 21 
77.200000 20 
77.600000 20 
78.000000 21 
78.400000 22 
78.800000 23 
79.200000 19 
79.600000 22 
80.000000 22 
80.400000 21 
80.800000 25 
81.200000 20 
81.600000 21 
82.000000 24 
82.400000 25 
82.800000 24 
83.200000 21 
83.600000 20 
84.000000 23 
84.400000 22 
84.800000 21 
85.200000 25 
85.600000 26 
86.000000 24 
86.400000 25 
86.800000 24 
87.200000 22 
87.600000 21 
88.000000 25 
88.400000 25 
88.800000 24 
89.200000 27 
89.600000 27 
90.000000 29 
90.400000 25 
90.800000 29 
91.200000 32 
91.600000 32 
92.000000 31 
92.400000 28 
92.800000 28 
93.200000 29 
93.600000 30 
94.000000 27 
94.400000 27 
94.800000 29 
95.200000 28 
95.600000 27 
96.000000 26 
96.400000 26 
96.800000 26 
97.200000 26 
97.600000 27 
98.000000 28 
98.400000 25 
98.800000 25 
99.200000 26 
99.600000 23 
100.000000 24 
100.400000 25 
100.800000 27 
101.200000 27 
101.600000 26 
102.000000 29 
102.400000 29 
102.800000 31 
103.200000 29 
103.600000 26 
104.000000 28 
104.400000 26 
104.800000 25 
105.200000 23 
105.600000 20 
106.000000 22 
106.400000 22 
106.800000 24 
107.200000 25 
107.600000 26 
108.000000 28 
108.400000 25 
108.800000 23 
109.200000 24 
109.600000 28 
110.000000 28 
110.400000 26 
110.800000 24 
111.200000 24 
111.600000 23 
112.000000 23 
112.400000 20 
112.800000 20 
113.200000 18 
113.600000 20 
114.000000 17 
114.400000 16 
114.800000 18 
115.200000 23 
115.600000 26 
116.000000 18 
116.400000 19 
116.800000 17 
117.200000 19 
117.600000 21 
118.000000 22 
118.400000 20 
118.800000 19 
119.200000 18 
119.600000 16 
120.000000 16 
120.400000 17 
120.800000 20 
121.200000 19 
121.600000 15 
122.000000 13 
122.400000 12 
122.800000 16 
123.200000 16 
123.600000 15 
124.000000 16 
124.400000 15 
124.800000 13 
125.200000 12 
125.600000 14 
126.000000 18 
126.400000 17 
126.800000 17 
127.200000 17 
127.600000 17 
128.000000 15 
128.400000 15 
128.800000 12 
129.200000 12 
129.600000 12 
130.000000 12 
130.400000 15 
130.800000 17 
131.200000 19 
131.600000 19 
132.000000 19 
132.400000 23 
132.800000 26 
133.200000 28 
133.600000 25 
134.000000 27 
134.400000 29 
134.800000 32 
135.200000 30 
135.600000 28 
136.000000 27 
136.400000 29 
136.800000 25 
137.200000 27 
137.600000 24 
138.000000 22 
138.400000 22 
138.800000 23 
139.200000 23 
139.600000 23 
140.000000 21 
140.400000 21 
140.800000 21 
141.200000 22 
141.600000 25 
142.000000 27 
142.400000 28 
142.800000 25 
143.200000 26 
143.600000 23 
144.000000 21 
144.400000 23 
144.800000 22 
145.200000 22 
145.600000 20 
146.000000 21 
146.400000 20 
146.800000 20 
147.200000 19 
147.600000 20 
148.000000 20 
148.400000 22 
148.800000 24 
149.200000 25 
149.600000 26 
150.000000 26 
150.400000 29 
150.800000 26 
151.200000 25 
151.600000 27 
152.000000 24 
152.400000 23 
152.800000 24 
153.200000 25 
153.600000 22 
154.000000 22 
154.400000 23 
154.800000 26 
155.200000 25 
155.600000 26 
156.000000 26 
156.400000 21 
156.800000 22 
157.200000 25 
157.600000 26 
158.000000 25 
158.400000 28 
158.800000 26 
159.200000 25 
159.600000 27 
160.000000 27 
160.400000 26 
160.800000 29 
161.200000 28 
161.600000 26 
162.000000 24 
162.400000 24 
162.800000 23 
163.200000 21 
163.600000 22 
164.000000 26 
164.400000 25 
164.800000 23 
165.200000 24 
165.600000 25 
166.000000 27 
166.400000 29 
166.800000 28 
167.200000 27 
167.600000 27 
168.000000 28 
168.400000 28 
168.800000 27 
169.200000 25 
169.600000 27 
170.000000 29 
170.400000 29 
170.800000 28 
171.200000 28 
171.600000 28 
172.000000 30 
172.400000 28 
172.800000 29 
173.200000 32 
173.600000 28 
174.000000 26 
174.400000 28 
174.800000 26 
175.200000 26 
175.600000 24 
176.000000 26 
176.400000 27 
176.800000 29 
177.200000 30 
177.600000 27 
178.000000 29 
178.400000 25 
178.800000 27 
179.200000 27 
179.600000 25 
180.000000 25 
180.400000 24 
180.800000 25 
181.200000 25 
181.600000 26 
182.000000 25 
182.400000 24 
182.800000 27 
183.200000 28 
183.600000 27 
184.000000 26 
184.400000 26 
184.800000 27 
185.200000 26 
185.600000 26 
186.000000 27 
186.400000 27 
186.800000 29 
187.200000 28 
187.600000 26 
188.000000 28 
188.400000 27 
188.800000 26 
189.200000 26 
189.600000 27 
190.000000 29 
190.400000 32 
190.800000 31 
191.200000 30 
191.600000 29 
192.000000 31 
192.400000 28 
192.800000 31 
193.200000 31 
193.600000 31 
194.000000 31 
194.400000 29 
194.800000 25 
195.200000 26 
195.600000 26 
196.000000 27 
196.400000 25 
196.800000 26 
197.200000 24 
197.600000 23 
198.000000 26 
198.400000 28 
198.800000 27 
199.200000 23 
199.600000 24 
200.000000 24 
200.400000 21 
200.800000 20 
201.200000 18 
201.600000 19 
202.000000 22 
202.400000 20 
202.800000 23 
203.200000 23 
203.600000 22 
204.000000 25 
204.400000 25 
204.800000 27 
205.200000 25 
205.600000 27 
206.000000 29 
206.400000 30 
206.800000 28 
207.200000 25 
207.600000 25 
208.000000 23 
208.400000 22 
208.800000 22 
209.200000 27 
209.600000 26 
210.000000 26 
210.400000 29 
210.800000 28 
211.200000 26 
211.600000 22 
212.000000 22 
212.400000 24 
212.800000 23 
213.200000 21 
213.600000 24 
214.000000 24 
214.400000 24 
214.800000 25 
215.200000 24 
215.600000 24 
216.000000 26 
216.400000 26 
216.800000 26 
217.200000 28 
217.600000 28 
218.000000 25 
218.400000 24 
218.800000 23 
219.200000 23 
219.600000 19 
220.000000 21 
220.400000 22 
220.800000 23 
221.200000 21 
221.600000 22 
222.000000 19 
222.400000 17 
222.800000 19 
223.200000 20 
223.600000 18 
224.000000 19 
224.400000 20 
224.800000 21 
225.200000 22 
225.600000 24 
226.000000 24 
226.400000 20 
226.800000 20 
227.200000 22 
227.600000 20 
228.000000 19 
228.400000 19 
228.800000 19 
229.200000 20 
229.600000 21 
230.000000 21 
230.400000 23 
230.800000 25 
231.200000 28 
231.600000 29 
232.000000 32 
232.400000 29 
232.800000 31 
233.200000 28 
233.600000 25 
234.000000 26 
234.400000 25 
234.800000 24 
235.200000 25 
235.600000 25 
236.000000 24 
236.400000 21 
236.800000 25 
237.200000 30 
237.600000 30 
238.000000 30 
238.400000 26 
238.800000 28 
239.200000 28 
239.600000 25 
240.000000 23 
240.400000 23 
240.800000 23 
241.200000 22 
241.600000 25 
242.000000 25 
242.400000 23 
242.800000 20 
243.200000 21 
243.600000 23 
244.000000 22 
244.400000 21 
244.800000 19 
245.200000 22 
245.600000 22 
246.000000 23 
246.400000 20 
246.800000 21 
247.200000 23 
247.600000 23 
248.000000 24 
248.400000 25 
248.800000 25 
249.200000 26 
249.600000 28 
250.000000 25 
250.400000 28 
250.800000 27 
251.200000 27 
251.600000 26 
252.000000 28 
252.400000 27 
252.800000 29 
253.200000 30 
253.600000 26 
254.000000 28 
254.400000 29 
254.800000 29 
255.200000 30 
255.600000 29 
256.000000 26 
256.400000 26 
256.800000 24 
257.200000 25 
257.600000 27 
258.000000 29 
258.400000 29 
258.800000 30 
259.200000 30 
259.600000 29 
260.000000 34 
260.400000 31 
260.800000 32 
261.200000 34 
261.600000 30 
262.000000 32 
262.400000 32 
262.800000 33 
263.200000 33 
263.600000 31 
264.000000 31 
264.400000 29 
264.800000 29 
265.200000 30 
265.600000 30 
266.000000 31 
266.400000 32 
266.800000 36 
267.200000 36 
267.600000 33 
268.000000 33 
268.400000 30 
268.800000 31 
269.200000 29 
269.600000 28 
270.000000 30 
270.400000 33 
270.800000 38 
271.200000 34 
271.600000 32 
272.000000 33 
272.400000 32 
272.800000 32 
273.200000 33 
273.600000 33 
274.000000 35 
274.400000 35 
274.800000 32 
275.200000 28 
275.600000 29 
276.000000 30 
276.400000 31 
276.800000 31 
277.200000 35 
277.600000 32 
278.000000 28 
278.400000 29 
278.800000 28 
279.200000 29 
279.600000 30 
280.000000 32 
280.400000 30 
280.800000 32 
281.200000 29 
281.600000 32 
282.000000 29 
282.400000 27 
282.800000 23 
283.200000 21 
283.600000 22 
284.000000 23 
284.400000 22 
284.800000 22 
285.200000 22 
285.600000 22 
286.000000 23 
286.400000 24 
286.800000 22 
287.200000 23 
287.600000 24 
288.000000 26 
288.400000 27 
288.800000 22 
289.200000 21 
289.600000 20 
290.000000 23 
290.400000 25 
290.800000 24 
291.200000 26 
291.600000 26 
292.000000 25 
292.400000 26 
292.800000 28 
293.200000 28 
293.600000 26 
294.000000 24 
294.400000 26 
294.800000 25 
295.200000 25 
295.600000 25 
296.000000 26 
296.400000 29 
296.800000 28 
297.200000 25 
297.600000 22 
298.000000 23 
298.400000 21 
298.800000 22 
299.200000 25 
299.600000 23 
300.000000 24 
300.400000 24 
300.800000 24 
301.200000 24 
301.600000 24 
302.000000 24 
302.400000 22 
302.800000 21 
303.200000 21 
303.600000 21 
304.000000 21 
304.400000 19 
304.800000 21 
305.200000 21 
305.600000 19 
306.000000 22 
306.400000 22 
306.800000 24 
307.200000 24 
307.600000 23 
308.000000 22 
308.400000 21 
308.800000 23 
309.200000 24 
309.600000 23 
310.000000 22 
310.400000 23 
310.800000 24 
311.200000 23 
311.600000 22 
312.000000 25 
312.400000 27 
312.800000 30 
313.200000 32 
313.600000 34 
314.000000 33 
314.400000 31 
314.800000 33 
315.200000 29 
315.600000 27 
316.000000 28 
316.400000 30 
316.800000 33 
317.200000 28 
317.600000 22 
318.000000 25 
318.400000 27 
318.800000 32 
319.200000 31 
319.600000 32 
320.000000 31 
320.400000 30 
320.800000 30 
321.200000 32 
321.600000 33 
322.000000 31 
322.400000 29 
322.800000 28 
323.200000 27 
323.600000 28 
324.000000 28 
324.400000 25 
324.800000 24 
325.200000 24 
325.600000 25 
326.000000 26 
326.400000 25 
326.800000 26 
327.200000 26 
327.600000 24 
328.000000 22 
328.400000 19 
328.800000 20 
329.200000 21 
329.600000 22 
330.000000 19 
330.400000 19 
330.800000 19 
331.200000 18 
331.600000 22 
332.000000 22 
332.400000 24 
332.800000 25 
333.200000 23 
333.600000 23 
334.000000 21 
334.400000 21 
334.800000 20 
335.200000 20 
335.600000 18 
336.000000 19 
336.400000 17 
336.800000 19 
337.200000 19 
337.600000 20 
338.000000 17 
338.400000 17 
338.800000 19 
339.200000 22 
339.600000 23 
340.000000 23 
340.400000 19 
340.800000 20 
341.200000 20 
341.600000 21 
342.000000 22 
342.400000 23 
342.800000 27 
343.200000 27 
343.600000 27 
344.000000 27 
344.400000 25 
344.800000 24 
345.200000 28 
345.600000 30 
346.000000 30 
346.400000 28 
346.800000 27 
347.200000 29 
347.600000 30 
348.000000 27 
348.400000 26 
348.800000 25 
349.200000 22 
349.600000 22 
350.000000 22 
350.400000 23 
350.800000 22 
351.200000 21 
351.600000 23 
352.000000 22 
352.400000 26 
352.800000 27 
353.200000 26 
353.600000 27 
354.000000 29 
354.400000 24 
354.800000 23 
355.200000 24 
355.600000 22 
356.000000 20 
356.400000 20 
356.800000 20 
357.200000 20 
357.600000 22 
358.000000 24 
358.400000 27 
358.800000 26 
359.200000 26 
359.600000 27 
360.000000 31 
360.400000 29 
360.800000 29 
361.200000 29 
361.600000 29 
362.000000 28 
362.400000 27 
362.800000 27 
363.200000 26 
363.600000 26 
364.000000 26 
364.400000 27 
364.800000 27 
365.200000 26 
365.600000 25 
366.000000 21 
366.400000 23 
366.800000 22 
367.200000 20 
367.600000 20 
368.000000 22 
368.400000 24 
368.800000 23 
369.200000 23 
369.600000 20 
370.000000 21 
370.400000 20 
370.800000 25 
371.200000 24 
371.600000 25 
372.000000 23 
372.400000 21 
372.800000 24 
373.200000 25 
373.600000 25 
374.000000 26 
374.400000 27 
374.800000 25 
375.200000 25 
375.600000 27 
376.000000 27 
376.400000 23 
376.800000 18 
377.200000 18 
377.600000 19 
378.000000 18 
378.400000 17 
378.800000 18 
379.200000 18 
379.600000 23 
380.000000 23 
380.400000 25 
380.800000 23 
381.200000 26 
381.600000 28 
382.000000 24 
382.400000 23 
382.800000 19 
383.200000 18 
383.600000 20 
384.000000 16 
384.400000 18 
384.800000 20 
385.200000 23 
385.600000 21 
386.000000 23 
386.400000 23 
386.800000 23 
387.200000 24 
387.600000 20 
388.000000 19 
388.400000 16 
388.800000 15 
389.200000 18 
389.600000 16 
390.000000 21 
390.400000 18 
390.800000 15 
391.200000 17 
391.600000 18 
392.000000 16 
392.400000 18 
392.800000 22 
393.200000 23 
393.600000 20 
394.000000 21 
394.400000 19 
394.800000 18 
395.200000 17 
395.600000 15 
396.000000 16 
396.400000 17 
396.800000 18 
397.200000 18 
397.600000 18 
398.000000 18 
398.400000 15 
398.800000 17 
399.200000 18 
399.600000 19 
400.000000 20 
400.400000 18 
400.800000 16 
401.200000 17 
401.600000 19 
402.000000 18 
402.400000 18 
402.800000 16 
403.200000 17 
403.600000 17 
404.000000 17 
404.400000 19 
404.800000 20 
405.200000 18 
405.600000 16 
406.000000 22 
406.400000 24 
406.800000 22 
407.200000 20 
407.600000 25 
408.000000 23 
408.400000 24 
408.800000 21 
409.200000 20 
409.600000 19 
410.000000 19 
410.400000 19 
410.800000 19 
411.200000 17 
411.600000 16 
412.000000 19 
412.400000 22 
412.800000 22 
413.200000 24 
413.600000 23 
414.000000 23 
414.400000 22 
414.800000 23 
415.200000 24 
415.600000 22 
416.000000 25 
416.400000 24 
416.800000 21 
417.200000 21 
417.600000 19 
418.000000 20 
418.400000 20 
418.800000 20 
419.200000 23 
419.600000 24 
420.000000 23 
420.400000 19 
420.800000 19 
421.200000 19 
421.600000 19 
422.000000 22 
422.400000 19 
422.800000 19 
423.200000 18 
423.600000 18 
424.000000 18 
424.400000 19 
424.800000 19 
425.200000 19 
425.600000 18 
426.000000 18 
426.400000 18 
426.800000 17 
427.200000 19 
427.600000 21 
428.000000 20 
428.400000 20 
428.800000 21 
429.200000 22 
429.600000 20 
430.000000 19 
430.400000 19 
430.800000 19 
431.200000 20 
431.600000 21 
432.000000 23 
432.400000 19 
432.800000 17 
433.200000 16 
433.600000 16 
434.000000 18 
434.400000 20 
434.800000 22 
435.200000 24 
435.600000 22 
436.000000 20 
436.400000 21 
436.800000 21 
437.200000 18 
437.600000 16 
438.000000 14 
438.400000 14 
438.800000 16 
439.200000 20 
439.600000 22 
440.000000 22 
440.400000 21 
440.800000 20 
441.200000 17 
441.600000 20 
442.000000 19 
442.400000 20 
442.800000 20 
443.200000 19 
443.600000 21 
444.000000 22 
444.400000 22 
444.800000 22 
445.200000 23 
445.600000 24 
446.000000 23 
446.400000 21 
446.800000 21 
447.200000 20 
447.600000 26 
448.000000 25 
448.400000 24 
448.800000 23 
449.200000 24 
449.600000 26 
450.000000 25 
450.400000 22 
450.800000 23 
451.200000 22 
451.600000 23 
452.000000 26 
452.400000 25 
452.800000 23 
453.200000 23 
453.600000 24 
454.000000 26 
454.400000 26 
454.800000 23 
455.200000 23 
455.600000 25 
456.000000 27 
456.400000 28 
456.800000 29 
457.200000 29 
457.600000 31 
458.000000 25 
458.400000 29 
458.800000 27 
459.200000 27 
459.600000 23 
460.000000 25 
460.400000 26 
460.800000 24 
461.200000 23 
461.600000 22 
462.000000 22 
462.400000 21 
462.800000 22 
463.200000 24 
463.600000 24 
464.000000 24 
464.400000 25 
464.800000 23 
465.200000 24 
465.600000 25 
466.000000 23 
466.400000 22 
466.800000 23 
467.200000 25 
467.600000 25 
468.000000 25 
468.400000 23 
468.800000 24 
469.200000 24 
469.600000 24 
470.000000 28 
470.400000 31 
470.800000 27 
471.200000 24 
471.600000 26 
472.000000 26 
472.400000 26 
472.800000 24 
473.200000 23 
473.600000 23 
474.000000 23 
474.400000 23 
474.800000 22 
475.200000 23 
475.600000 26 
476.000000 23 
476.400000 19 
476.800000 20 
477.200000 24 
477.600000 24 
478.000000 25 
478.400000 24 
478.800000 23 
479.200000 24 
479.600000 25 
480.000000 22 
480.400000 24 
480.800000 19 
481.200000 17 
481.600000 17 
482.000000 19 
482.400000 21 
482.800000 22 
483.200000 25 
483.600000 26 
484.000000 21 
484.400000 21 
484.800000 22 
485.200000 20 
485.600000 20 
486.000000 21 
486.400000 19 
486.800000 19 
487.200000 23 
487.600000 24 
488.000000 23 
488.400000 23 
488.800000 20 
489.200000 19 
489.600000 18 
490.000000 19 
490.400000 18 
490.800000 20 
491.200000 19 
491.600000 17 
492.000000 16 
492.400000 18 
492.800000 20 
493.200000 20 
493.600000 21 
494.000000 21 
494.400000 23 
494.800000 23 
495.200000 21 
495.600000 20 
496.000000 16 
496.400000 15 
496.800000 14 
497.200000 17 
497.600000 17 
498.000000 17 
498.400000 19 
498.800000 23 
499.200000 23 
499.600000 20 
500.000000 18 
500.400000 22 
500.800000 22 
501.200000 22 
501.600000 19 
502.000000 20 
502.400000 17 
502.800000 18 
503.200000 18 
503.600000 20 
504.000000 17 
504.400000 20 
504.800000 18 
505.200000 14 
505.600000 15 
506.000000 18 
506.400000 18 
506.800000 16 
507.200000 17 
507.600000 20 
508.000000 18 
508.400000 18 
508.800000 16 
509.200000 15 
509.600000 15 
510.000000 15 
510.400000 16 
510.800000 18 
511.200000 19 
511.600000 17 
512.000000 16 
512.400000 17 
512.800000 17 
513.200000 17 
513.600000 19 
514.000000 18 
514.400000 15 
514.800000 16 
515.200000 19 
515.600000 17 
516.000000 17 
516.400000 17 
516.800000 17 
517.200000 22 
517.600000 23 
518.000000 21 
518.400000 22 
518.800000 24 
519.200000 24 
519.600000 27 
520.000000 26 
520.400000 24 
520.800000 21 
521.200000 18 
521.600000 20 
522.000000 21 
522.400000 24 
522.800000 25 
523.200000 20 
523.600000 21 
524.000000 23 
524.400000 24 
524.800000 24 
525.200000 22 
525.600000 23 
526.000000 26 
526.400000 25 
526.800000 21 
527.200000 21 
527.600000 23 
528.000000 20 
528.400000 20 
528.800000 19 
529.200000 21 
529.600000 23 
530.000000 25 
530.400000 23 
530.800000 21 
531.200000 20 
531.600000 23 
532.000000 22 
532.400000 26 
532.800000 29 
533.200000 29 
533.600000 25 
534.000000 25 
534.400000 22 
534.800000 24 
535.200000 24 
535.600000 23 
536.000000 23 
536.400000 25 
536.800000 23 
537.200000 25 
537.600000 24 
538.000000 23 
538.400000 22 
538.800000 26 
539.200000 28 
539.600000 28 
540.000000 26 
540.400000 25 
540.800000 33 
541.200000 30 
541.600000 27 
542.000000 25 
542.400000 24 
542.800000 24 
543.200000 25 
543.600000 26 
544.000000 27 
544.400000 30 
544.800000 31 
545.200000 29 
545.600000 30 
546.000000 30 
546.400000 33 
546.800000 34 
547.200000 31 
547.600000 32 
548.000000 33 
548.400000 31 
548.800000 30 
549.200000 27 
549.600000 30 
550.000000 30 
550.400000 30 
550.800000 28 
551.200000 27 
551.600000 26 
552.000000 29 
552.400000 27 
552.800000 28 
553.200000 27 
553.600000 27 
554.000000 27 
554.400000 27 
554.800000 25 
555.200000 26 
555.600000 25 
556.000000 24 
556.400000 23 
556.800000 24 
557.200000 24 
557.600000 27 
558.000000 25 
558.400000 24 
558.800000 21 
559.200000 23 
559.600000 23 
560.000000 25 
560.400000 25 
560.800000 27 
561.200000 25 
561.600000 25 
562.000000 22 
562.400000 22 
562.800000 23 
563.200000 23 
563.600000 25 
564.000000 27 
564.400000 29 
564.800000 31 
565.200000 29 
565.600000 25 
566.000000 24 
566.400000 28 
566.800000 32 
567.200000 31 
567.600000 28 
568.000000 29 
568.400000 29 
568.800000 30 
569.200000 29 
569.600000 28 
570.000000 29 
570.400000 29 
570.800000 28 
571.200000 29 
571.600000 29 
572.000000 28 
572.400000 26 
572.800000 26 
573.200000 27 
573.600000 25 
574.000000 24 
574.400000 25 
574.800000 26 
575.200000 27 
575.600000 27 
576.000000 25 
576.400000 27 
576.800000 26 
577.200000 27 
577.600000 28 
578.000000 27 
578.400000 27 
578.800000 26 
579.200000 26 
579.600000 23 
580.000000 24 
580.400000 23 
580.800000 23 
581.200000 22 
581.600000 24 
582.000000 23 
582.400000 21 
582.800000 21 
583.200000 23 
583.600000 25 
584.000000 25 
584.400000 26 
584.800000 29 
585.200000 35 
585.600000 31 
586.000000 30 
586.400000 29 
586.800000 28 
587.200000 28 
587.600000 29 
588.000000 30 
588.400000 29 
588.800000 29 
589.200000 30 
589.600000 26 
590.000000 26 
590.400000 27 
590.800000 25 
591.200000 23 
591.600000 19 
592.000000 20 
592.400000 21 
592.800000 22 
593.200000 21 
593.600000 19 
594.000000 21 
594.400000 21 
594.800000 23 
595.200000 25 
595.600000 25 
596.000000 26 
596.400000 29 
596.800000 26 
597.200000 26 
597.600000 29 
598.000000 27 
598.400000 28 
598.800000 29 
599.200000 29 
599.600000 32 
600.000000 32 
600.400000 31 
600.800000 27 
601.200000 27 
601.600000 26 
602.000000 26 
602.400000 28 
602.800000 25 
603.200000 25 
603.600000 27 
604.000000 25 
604.400000 27 
604.800000 28 
605.200000 28 
605.600000 29 
606.000000 32 
606.400000 33 
606.800000 35 
607.200000 34 
607.600000 28 
608.000000 28 
608.400000 28 
608.800000 25 
609.200000 23 
609.600000 26 
610.000000 27 
610.400000 29 
610.800000 31 
611.200000 29 
611.600000 28 
612.000000 27 
612.400000 26 
612.800000 26 
613.200000 26 
613.600000 25 
614.000000 21 
614.400000 23 
614.800000 22 
615.200000 23 
615.600000 25 
616.000000 24 
616.400000 21 
616.800000 23 
617.200000 22 
617.600000 22 
618.000000 24 
618.400000 24 
618.800000 22 
619.200000 24 
619.600000 22 
620.000000 22 
620.400000 24 
620.800000 24 
621.200000 26 
621.600000 24 
622.000000 22 
622.400000 21 
622.800000 19 
623.200000 19 
623.600000 20 
624.000000 20 
624.400000 23 
624.800000 22 
625.200000 22 
625.600000 19 
626.000000 20 
626.400000 22 
626.800000 25 
627.200000 29 
627.600000 27 
628.000000 24 
628.400000 24 
628.800000 25 
629.200000 23 
629.600000 22 
630.000000 20 
630.400000 22 
630.800000 23 
631.200000 25 
631.600000 24 
632.000000 27 
632.400000 28 
632.800000 31 
633.200000 28 
633.600000 26 
634.000000 25 
634.400000 26 
634.800000 24 
635.200000 24 
635.600000 23 
636.000000 22 
636.400000 24 
636.800000 25 
637.200000 26 
637.600000 27 
638.000000 22 
638.400000 21 
638.800000 19 
639.200000 19 
639.600000 20 
640.000000 21 
640.400000 21 
640.800000 22 
641.200000 21 
641.600000 21 
642.000000 22 
642.400000 26 
642.800000 26 
643.200000 27 
643.600000 27 
644.000000 31 
644.400000 24 
644.800000 25 
645.200000 23 
645.600000 28 
646.000000 26 
646.400000 26 
646.800000 25 
647.200000 24 
647.600000 24 
648.000000 26 
648.400000 28 
648.800000 28 
649.200000 26 
649.600000 29 
650.000000 29 
650.400000 30 
650.800000 26 
651.200000 26 
651.600000 30 
652.000000 30 
652.400000 27 
652.800000 27 
653.200000 24 
653.600000 23 
654.000000 23 
654.400000 24 
654.800000 25 
655.200000 23 
655.600000 24 
656.000000 22 
656.400000 21 
656.800000 20 
657.200000 21 
657.600000 20 
658.000000 22 
658.400000 24 
658.800000 22 
659.200000 22 
659.600000 26 
660.000000 23 
660.400000 21 
660.800000 22 
661.200000 20 
661.600000 21 
662.000000 23 
662.400000 26 
662.800000 27 
663.200000 26 
663.600000 25 
664.000000 21 
664.400000 21 
664.800000 19 
665.200000 21 
665.600000 20 
666.000000 23 
666.400000 26 
666.800000 25 
667.200000 25 
667.600000 25 
668.000000 24 
668.400000 20 
668.800000 21 
669.200000 21 
669.600000 21 
670.000000 22 
670.400000 26 
670.800000 23 
671.200000 24 
671.600000 24 
672.000000 25 
672.400000 24 
672.800000 26 
673.200000 25 
673.600000 24 
674.000000 22 
674.400000 22 
674.800000 22 
675.200000 23 
675.600000 28 
676.000000 30 
676.400000 26 
676.800000 25 
677.200000 25 
677.600000 24 
678.000000 24 
678.400000 26 
678.800000 26 
679.200000 25 
679.600000 29 
680.000000 29 
680.400000 26 
680.800000 29 
681.200000 30 
681.600000 29 
682.000000 25 
682.400000 23 
682.800000 23 
683.200000 24 
683.600000 26 
684.000000 28 
684.400000 33 
684.800000 34 
685.200000 32 
685.600000 29 
686.000000 25 
686.400000 23 
686.800000 23 
687.200000 24 
687.600000 22 
688.000000 27 
688.400000 29 
688.800000 28 
689.200000 30 
689.600000 30 
690.000000 30 
690.400000 33 
690.800000 32 
691.200000 31 
691.600000 33 
692.000000 32 
692.400000 32 
692.800000 31 
693.200000 30 
693.600000 29 
694.000000 29 
694.400000 30 
694.800000 27 
695.200000 27 
695.600000 27 
696.000000 22 
696.400000 24 
696.800000 23 
697.200000 22 
697.600000 25 
698.000000 26 
698.400000 27 
698.800000 30 
699.200000 29 
699.600000 29 
700.000000 27 
700.400000 26 
700.800000 27 
701.200000 27 
701.600000 26 
702.000000 26 
702.400000 22 
702.800000 22 
703.200000 24 
703.600000 21 
704.000000 19 
704.400000 19 
704.800000 19 
705.200000 17 
705.600000 17 
706.000000 19 
706.400000 22 
706.800000 24 
707.200000 21 
707.600000 22 
708.000000 27 
708.400000 24 
708.800000 26 
709.200000 24 
709.600000 22 
710.000000 19 
710.400000 21 
710.800000 24 
711.200000 24 
711.600000 29 
712.000000 28 
712.400000 25 
712.800000 27 
713.200000 20 
713.600000 22 
714.000000 20 
714.400000 21 
714.800000 23 
715.200000 24 
715.600000 21 
716.000000 24 
716.400000 23 
716.800000 21 
717.200000 21 
717.600000 23 
718.000000 19 
718.400000 20 
718.800000 16 
719.200000 17 
719.600000 15 
720.000000 20 
720.400000 20 
720.800000 21 
721.200000 21 
721.600000 19 
722.000000 16 
722.400000 20 
722.800000 20 
723.200000 19 
723.600000 21 
724.000000 22 
724.400000 22 
724.800000 20 
725.200000 19 
725.600000 19 
726.000000 19 
726.400000 16 
726.800000 17 
727.200000 19 
727.600000 23 
728.000000 23 
728.400000 23 
728.800000 23 
729.200000 22 
729.600000 23 
730.000000 22 
730.400000 21 
730.800000 24 
731.200000 24 
731.600000 24 
732.000000 27 
732.400000 26 
732.800000 23 
733.200000 23 
733.600000 22 
734.000000 22 
734.400000 21 
734.800000 22 
735.200000 23 
735.600000 23 
736.000000 27 
736.400000 24 
736.800000 23 
737.200000 23 
737.600000 21 
738.000000 22 
738.400000 19 
738.800000 18 
739.200000 19 
739.600000 17 
740.000000 18 
740.400000 19 
740.800000 20 
741.200000 18 
741.600000 17 
742.000000 22 
742.400000 20 
742.800000 21 
743.200000 22 
743.600000 21 
744.000000 20 
744.400000 21 
744.800000 22 
745.200000 22 
745.600000 25 
746.000000 26 
746.400000 25 
746.800000 23 
747.200000 23 
747.600000 22 
748.000000 23 
748.400000 22 
748.800000 21 
749.200000 21 
749.600000 21 
750.000000 22 
750.400000 21 
750.800000 23 
751.200000 25 
751.600000 24 
752.000000 23 
752.400000 21 
752.800000 21 
753.200000 23 
753.600000 25 
754.000000 25 
754.400000 24 
754.800000 28 
755.200000 27 
755.600000 30 
756.000000 30 
756.400000 24 
756.800000 22 
757.200000 21 
757.600000 21 
758.000000 19 
758.400000 19 
758.800000 21 
759.200000 20 
759.600000 18 
760.000000 19 
760.400000 18 
760.800000 17 
761.200000 18 
761.600000 19 
762.000000 20 
762.400000 19 
762.800000 21 
763.200000 21 
763.600000 20 
764.000000 19 
764.400000 22 
764.800000 22 
765.200000 26 
765.600000 27 
766.000000 27 
766.400000 26 
766.800000 25 
767.200000 27 
767.600000 26 
768.000000 26 
768.400000 24 
768.800000 26 
769.200000 25 
769.600000 27 
770.000000 27 
770.400000 25 
770.800000 25 
771.200000 23 
771.600000 21 
772.000000 21 
772.400000 23 
772.800000 24 
773.200000 24 
773.600000 22 
774.000000 24 
774.400000 25 
774.800000 26 
775.200000 26 
775.600000 24 
776.000000 22 
776.400000 23 
776.800000 23 
777.200000 25 
777.600000 28 
778.000000 27 
778.400000 26 
778.800000 24 
779.200000 25 
779.600000 24 
780.000000 25 
780.400000 25 
780.800000 27 
781.200000 28 
781.600000 29 
782.000000 25 
782.400000 25 
782.800000 25 
783.200000 20 
783.600000 22 
784.000000 20 
784.400000 21 
784.800000 22 
785.200000 23 
785.600000 20 
786.000000 21 
786.400000 22 
786.800000 22 
787.200000 21 
787.600000 18 
788.000000 19 
788.400000 19 
788.800000 19 
789.200000 18 
789.600000 18 
790.000000 19 
790.400000 22 
790.800000 21 
791.200000 22 
791.600000 24 
792.000000 21 
792.400000 21 
792.800000 19 
793.200000 22 
793.600000 22 
794.000000 23 
794.400000 21 
794.800000 25 
795.200000 24 
795.600000 24 
796.000000 24 
796.400000 27 
796.800000 26 
797.200000 25 
797.600000 25 
798.000000 23 
798.400000 22 
798.800000 21 
799.200000 20 
799.600000 20 
800.000000 18 
800.400000 20 
800.800000 19 
801.200000 18 
801.600000 20 
802.000000 19 
802.400000 19 
802.800000 20 
803.200000 25 
803.600000 24 
804.000000 22 
804.400000 22 
804.800000 24 
805.200000 27 
805.600000 25 
806.000000 23 
806.400000 25 
806.800000 25 
807.200000 27 
807.600000 31 
808.000000 34 
808.400000 34 
808.800000 31 
809.200000 32 
809.600000 36 
810.000000 39 
810.400000 34 
810.800000 34 
811.200000 33 
811.600000 32 
812.000000 30 
812.400000 27 
812.800000 26 
813.200000 24 
813.600000 24 
814.000000 25 
814.400000 23 
814.800000 21 
815.200000 21 
815.600000 22 
816.000000 23 
816.400000 23 
816.800000 23 
817.200000 25 
817.600000 22 
818.000000 28 
818.400000 27 
818.800000 24 
819.200000 23 
819.600000 23 
820.000000 26 
820.400000 28 
820.800000 28 
821.200000 28 
821.600000 28 
822.000000 27 
822.400000 27 
822.800000 26 
823.200000 22 
823.600000 20 
824.000000 23 
824.400000 26 
824.800000 24 
825.200000 22 
825.600000 22 
826.000000 21 
826.400000 21 
826.800000 23 
827.200000 24 
827.600000 28 
828.000000 30 
828.400000 33 
828.800000 34 
829.200000 35 
829.600000 31 
830.000000 32 
830.400000 30 
830.800000 30 
831.200000 31 
831.600000 30 
832.000000 27 
832.400000 25 
832.800000 26 
833.200000 25 
833.600000 27 
834.000000 29 
834.400000 25 
834.800000 23 
835.200000 23 
835.600000 19 
836.000000 21 
836.400000 24 
836.800000 26 
837.200000 22 
837.600000 22 
838.000000 22 
838.400000 23 
838.800000 23 
839.200000 25 
839.600000 27 
840.000000 24 
840.400000 24 
840.800000 24 
841.200000 23 
841.600000 24 
842.000000 27 
842.400000 26 
842.800000 23 
843.200000 22 
843.600000 22 
844.000000 24 
844.400000 25 
844.800000 28 
845.200000 29 
845.600000 28 
846.000000 29 
846.400000 26 
846.800000 30 
847.200000 28 
847.600000 26 
848.000000 22 
848.400000 22 
848.800000 21 
849.200000 19 
849.600000 19 
850.000000 18 
850.400000 19 
850.800000 17 
851.200000 19 
851.600000 21 
852.000000 22 
852.400000 23 
852.800000 24 
853.200000 28 
853.600000 24 
854.000000 25 
854.400000 20 
854.800000 20 
855.200000 20 
855.600000 17 
856.000000 18 
856.400000 20 
856.800000 20 
857.200000 22 
857.600000 22 
858.000000 23 
858.400000 27 
858.800000 29 
859.200000 31 
859.600000 30 
860.000000 28 
860.400000 27 
860.800000 29 
861.200000 28 
861.600000 29 
862.000000 31 
862.400000 30 
862.800000 29 
863.200000 27 
863.600000 27 
864.000000 30 
864.400000 29 
864.800000 29 
865.200000 29 
865.600000 29 
866.000000 32 
866.400000 30 
866.800000 27 
867.200000 26 
867.600000 27 
868.000000 27 
868.400000 27 
868.800000 29 
869.200000 30 
869.600000 31 
870.000000 34 
870.400000 37 
870.800000 33 
871.200000 28 
871.600000 28 
872.000000 31 
872.400000 33 
872.800000 31 
873.200000 25 
873.600000 24 
874.000000 21 
874.400000 23 
874.800000 23 
875.200000 24 
875.600000 24 
876.000000 28 
876.400000 28 
876.800000 28 
877.200000 27 
877.600000 29 
878.000000 29 
878.400000 32 
878.800000 34 
879.200000 31 
879.600000 29 
880.000000 31 
880.400000 31 
880.800000 28 
881.200000 29 
881.600000 24 
882.000000 25 
882.400000 29 
882.800000 33 
883.200000 31 
883.600000 34 
884.000000 31 
884.400000 32 
884.800000 29 
885.200000 27 
885.600000 26 
886.000000 25 
886.400000 26 
886.800000 28 
887.200000 24 
887.600000 25 
888.000000 23 
888.400000 21 
888.800000 20 
889.200000 21 
889.600000 20 
890.000000 21 
890.400000 20 
890.800000 22 
891.200000 19 
891.600000 19 
892.000000 19 
892.400000 19 
892.800000 18 
893.200000 19 
893.600000 18 
894.000000 20 
894.400000 21 
894.800000 21 
895.200000 21 
895.600000 21 
896.000000 21 
896.400000 20 
896.800000 21 
897.200000 23 
897.600000 20 
898.000000 24 
898.400000 25 
898.800000 28 
899.200000 28 
899.600000 27 
900.000000 26 
900.400000 22 
900.800000 24 
901.200000 26 
901.600000 22 
902.000000 20 
902.400000 22 
902.800000 23 
903.200000 22 
903.600000 20 
904.000000 22 
904.400000 24 
904.800000 26 
905.200000 28 
905.600000 31 
906.000000 28 
906.400000 31 
906.800000 29 
907.200000 31 
907.600000 32 
908.000000 33 
908.400000 34 
908.800000 32 
909.200000 29 
909.600000 27 
910.000000 26 
910.400000 25 
910.800000 25 
911.200000 25 
911.600000 24 
912.000000 26 
912.400000 26 
912.800000 27 
913.200000 26 
913.600000 23 
914.000000 18 
914.400000 18 
914.800000 20 
915.200000 20 
915.600000 24 
916.000000 25 
916.400000 22 
916.800000 21 
917.200000 25 
917.600000 24 
918.000000 25 
918.400000 27 
918.800000 28 
919.200000 26 
919.600000 26 
920.000000 25 
920.400000 21 
920.800000 18 
921.200000 20 
921.600000 19 
922.000000 19 
922.400000 18 
922.800000 22 
923.200000 24 
923.600000 22 
924.000000 21 
924.400000 23 
924.800000 24 
925.200000 23 
925.600000 24 
926.000000 22 
926.400000 23 
926.800000 22 
927.200000 22 
927.600000 19 
928.000000 19 
928.400000 21 
928.800000 20 
929.200000 21 
929.600000 21 
930.000000 22 
930.400000 23 
930.800000 22 
931.200000 21 
931.600000 24 
932.000000 21 
932.400000 22 
932.800000 25 
933.200000 24 
933.600000 19 
934.000000 19 
934.400000 17 
934.800000 17 
935.200000 19 
935.600000 18 
936.000000 15 
936.400000 16 
936.800000 14 
937.200000 18 
937.600000 19 
938.000000 20 
938.400000 21 
938.800000 22 
939.200000 21 
939.600000 19 
940.000000 22 
940.400000 22 
940.800000 21 
941.200000 20 
941.600000 24 
942.000000 26 
942.400000 27 
942.800000 25 
943.200000 23 
943.600000 24 
944.000000 22 
944.400000 25 
944.800000 26 
945.200000 26 
945.600000 26 
946.000000 24 
946.400000 25 
946.800000 26 
947.200000 26 
947.600000 30 
948.000000 27 
948.400000 27 
948.800000 27 
949.200000 27 
949.600000 25 
950.000000 24 
950.400000 26 
950.800000 26 
951.200000 25 
951.600000 23 
952.000000 24 
952.400000 25 
952.800000 27 
953.200000 30 
953.600000 27 
954.000000 27 
954.400000 27 
954.800000 27 
955.200000 23 
955.600000 22 
956.000000 26 
956.400000 25 
956.800000 28 
957.200000 28 
957.600000 26 
958.000000 24 
958.400000 25 
958.800000 24 
959.200000 26 
959.600000 27 
960.000000 25 
960.400000 24 
960.800000 25 
961.200000 28 
961.600000 27 
962.000000 28 
962.400000 27 
962.800000 28 
963.200000 28 
963.600000 29 
964.000000 30 
964.400000 30 
964.800000 28 
965.200000 28 
965.600000 28 
966.000000 27 
966.400000 27 
966.800000 24 
967.200000 26 
967.600000 28 
968.000000 30 
968.400000 27 
968.800000 26 
969.200000 26 
969.600000 28 
970.000000 28 
970.400000 29 
970.800000 28 
971.200000 26 
971.600000 25 
972.000000 27 
972.400000 27 
972.800000 25 
973.200000 26 
973.600000 28 
974.000000 29 
974.400000 26 
974.800000 22 
975.200000 24 
975.600000 20 
976.000000 20 
976.400000 23 
976.800000 23 
977.200000 23 
977.600000 23 
978.000000 25 
978.400000 27 
978.800000 24 
979.200000 29 
979.600000 31 
980.000000 30 
980.400000 31 
980.800000 32 
981.200000 28 
981.600000 30 
982.000000 28 
982.400000 28 
982.800000 29 
983.200000 30 
983.600000 29 
984.000000 30 
984.400000 32 
984.800000 28 
985.200000 31 
985.600000 33 
986.000000 32 
986.400000 32 
986.800000 34 
987.200000 36 
987.600000 37 
988.000000 34 
988.400000 32 
988.800000 33 
989.200000 32 
989.600000 33 
990.000000 32 
990.400000 31 
990.800000 33 
991.200000 34 
991.600000 33 
992.000000 33 
992.400000 31 
992.800000 27 
993.200000 26 
993.600000 28 
994.000000 27 
994.400000 29 
994.800000 28 
995.200000 28 
995.600000 30 
996.000000 29 
996.400000 27 
996.800000 28 
997.200000 31 
997.600000 32 
998.000000 30 
998.400000 28 
998.800000 26 
999.200000 27 
999.600000 31 
